3.3465000000000007
2.6250000000000013
2.7199999999999993
3.5210000000000004
2.0044999999999997
2.325
1.8580000000000003
1.7745
2.5155000000000003
2.2390000000000003
2.7595
3.233499999999999
2.453500000000001
1.8355
1.8814999999999997
2.0965000000000003
2.9029999999999996
2.8080000000000003
2.9339999999999997
1.803
2.8345
2.952
1.7890000000000004
3.4435
2.5869999999999997
2.5925
3.266
3.6090000000000004
2.9419999999999997
2.1375
2.2984999999999998
2.681
2.887
2.1765
3.4220000000000006
2.7684999999999995
3.8589999999999987
3.2050000000000005
3.054
2.8825000000000007
2.6285000000000007
3.18
2.7075000000000005
3.9915
4.102000000000001
4.2515
3.2689999999999997
4.045
3.9430000000000005
3.1205000000000003
3.3369999999999997
3.198
3.8094999999999994
3.386999999999999
4.1685
4.581
3.9614999999999996
4.409000000000001
4.2865
4.4815000000000005
3.5279999999999996
5.902
3.6430000000000002
4.486000000000001
4.186
5.9079999999999995
3.912
4.5515
4.1129999999999995
4.87
4.1690000000000005
5.1365
4.71
4.316
5.435499999999999
4.0205
4.379
4.003
4.8215
4.541
4.514500000000001
6.6245
4.916
4.773
5.029
6.560999999999999
4.741499999999999
3.7295000000000003
5.3295
4.1610000000000005
4.1985
4.8605
4.455
4.655
5.0505
5.49
4.338
4.1385000000000005
6.496
4.204000000000001
