100
(0 0 0 0 0 0),100
99
(0 0 0 0 0 0),98
98
(0 0 0 0 0 0),95
97
(0 0 0 0 0 0),96
96
(0 0 0 0 0 0),97
95
(0 0 0 0 0 0),95
94
(0 0 0 0 0 0),95
93
(0 0 0 0 0 0),97
92
(0 0 0 0 0 0),93
91
(0 0 0 0 0 0),90
90
(0 1 0 1 0 0 0 0 1 0 0),7,(0 0 0 0 0 0),90
89
(0 1 0 1 0 0 0 0 1 0 0),7,(0 0 0 0 0 0),89
88
(0 1 0 1 0 0 0 0 1 0 0),7,(0 0 0 0 0 0),89
87
(0 1 0 1 0 0 0 0 1 0 0),8,(0 0 0 0 0 0),88
86
(0 1 0 1 0 0 0 0 1 0 0),8,(0 0 0 0 0 0),84
85
(0 1 0 1 0 0 0 0 1 0 0),8,(0 0 0 0 0 0),86
84
(0 1 0 1 0 0 0 0 1 0 0),7,(0 0 0 0 0 0),83
83
(0 1 0 1 0 0 0 0 1 0 0),6,(0 0 0 0 0 0),83
82
(0 0 0 0 0 0),85
81
(0 1 0 1 0 0 0 0 1 0 0),6,(0 0 0 0 0 0),84
80
(0 1 0 1 0 0 0 0 1 0 0),7,(0 0 0 0 0 0),80
79
(0 1 0 1 0 0 0 0 1 0 0),6,(0 0 0 0 0 0),83
78
(0 1 0 1 0 0 0 0 1 0 0),8,(0 0 0 0 0 0),81
77
(0 1 0 1 0 0 0 0 1 0 0),6,(0 0 0 0 0 0),80
76
(0 0 0 0 0 0),83
75
(0 0 0 0 0 0),84
74
(0 0 0 0 0 0),81
73
(0 1 0 0 0 0 0 0 0 0 0),6,(0 0 0 0 0 0),78
72
(0 0 0 0 0 0),83
71
(0 0 0 0 0 0),80
70
(0 0 0 0 0 0),81
69
(0 0 0 0 0 0),82
68
(0 0 0 0 0 0),81
67
(0 0 0 0 0 0),85
66
(0 0 0 0 0 0),77
65
(0 0 0 0 0 0),83
64
(0 0 0 0 0 0),81
63
(0 0 0 0 0 0),83
62
(0 0 0 0 0 0),79
61
(0 0 0 0 0 0),78
60
(0 0 0 0 0 0),77
59
(0 0 0 0 0 0),76
58
(0 0 0 0 0 0),80
57
(0 0 0 0 0 0),81
56
(0 1 0 1 0 2 2 0 1 2 2 0 0 1 0 0),6,(0 0 0 0 0 0),79
55
(0 1 0 1 0 2 2 0 1 2 2 0 0 1 0 0),6,(0 0 0 0 0 0),77
54
(0 1 0 1 0 2 2 0 1 2 2 0 0 1 0 0),6,(0 0 0 0 0 0),78
53
(0 0 0 0 0 0),77
52
(0 0 0 0 0 0),75,(0 1 0 1 0 0 0 0 0 1 0),6
51
(0 0 0 0 0 0),77,(0 1 0 1 0 0 0 0 0 1 0),8
50
(0 0 0 0 0 0),77,(0 1 0 1 0 0 0 0 0 1 0),8
49
(0 0 0 0 0 0),80,(0 1 0 1 0 0 0 0 0 1 0),9
48
(0 1 0 1 0 2 2 0 1 2 2 0 0 1 0 0),7,(0 0 0 0 0 0),76,(0 1 0 1 0 0 0 0 0 1 0),7
47
(0 1 0 1 0 2 2 0 1 2 2 0 0 1 0 0),6,(0 0 0 0 0 0),81,(0 1 0 1 0 0 0 0 0 1 0),8
46
(0 1 0 1 0 2 2 0 1 2 2 0 0 1 0 0),8,(0 0 0 0 0 0),75,(0 1 0 1 0 0 0 0 0 1 0),9
45
(0 1 0 1 0 2 2 0 1 2 2 0 0 1 0 0),7,(0 0 0 0 0 0),72,(0 1 0 1 0 0 0 0 0 1 0),7
44
(0 1 0 0 0 0 0 0 1 0 0),7,(0 0 0 0 0 0),72,(0 1 0 1 0 0 0 0 0 1 0),8
43
(0 0 0 0 0 0),74,(0 1 0 1 0 0 0 0 0 1 0),9
42
(0 1 0 0 0 0 0 0 1 0 0),7,(0 1 0 1 0 2 2 0 1 2 2 0 0 1 0 0),6,(0 0 0 0 0 0),72,(0 1 0 1 0 0 0 0 0 1 0),8
41
(0 1 0 0 0 0 0 0 1 0 0),8,(0 1 0 1 0 2 2 0 1 2 2 0 0 1 0 0),6,(0 0 0 0 0 0),70,(0 1 0 1 0 0 0 0 0 1 0),8
40
(0 1 0 0 0 0 0 0 1 0 0),7,(0 1 0 1 0 2 2 0 1 2 2 0 0 1 0 0),6,(0 0 0 0 0 0),71,(0 1 0 1 0 0 0 0 0 1 0),8
39
(0 1 0 0 0 0 0 0 1 0 0),7,(0 1 0 1 0 2 2 0 1 2 2 0 0 1 0 0),6,(0 0 0 0 0 0),73,(0 1 0 1 0 0 0 0 0 1 0),8
38
(0 1 0 0 0 0 0 0 1 0 0),7,(0 1 0 1 0 2 2 0 1 2 2 0 0 1 0 0),7,(0 0 0 0 0 0),70,(0 1 0 1 0 0 0 0 0 1 0),8
37
(0 1 0 1 0 2 2 0 1 2 2 0 0 1 0 0),6,(0 0 0 0 0 0),78,(0 1 0 1 0 0 0 0 0 1 0),7
36
(0 1 0 1 0 2 2 0 1 2 2 0 0 1 0 0),6,(0 0 0 0 0 0),77,(0 1 0 1 0 0 0 0 0 1 0),8
35
(0 1 0 1 0 2 2 0 1 2 2 0 0 1 0 0),7,(0 0 0 0 0 0),72,(0 1 0 1 0 0 0 0 0 1 0),10
34
(0 1 0 0 0 0 0 0 1 0 0),6,(0 1 0 1 0 2 2 0 1 2 2 0 0 1 0 0),6,(0 0 0 0 0 0),75,(0 1 0 1 0 0 0 0 0 1 0),8
33
(0 1 0 1 0 2 2 0 1 2 2 0 0 1 0 0),6,(0 0 0 0 0 0),73
32
(0 1 0 1 0 2 2 0 1 2 2 0 0 1 0 0),7,(0 0 0 0 0 0),75,(0 1 0 1 0 0 0 0 0 1 0),7
31
(0 1 0 0 0 0 0 0 1 0 0),6,(0 1 0 1 0 2 2 0 1 2 2 0 0 1 0 0),7,(0 0 0 0 0 0),76,(0 1 0 1 0 0 0 0 0 1 0),7
30
(0 0 0 0 0 0),76,(0 1 0 1 0 0 0 0 0 1 0),9
29
(0 1 0 0 0 0 0 0 1 0 0),6,(0 0 0 0 0 0),79,(0 1 0 1 0 0 0 0 0 1 0),9
28
(0 0 0 0 0 0),80,(0 1 0 1 0 0 0 0 0 1 0),10
27
(0 0 0 0 0 0),78,(0 1 0 1 0 0 0 0 0 1 0),9
26
(0 0 0 0 0 0),80,(0 1 0 1 0 0 0 0 0 1 0),10
25
(0 0 0 0 0 0),82,(0 1 0 1 0 0 0 0 0 1 0),9
24
(0 0 0 0 0 0),81,(0 1 0 1 0 0 0 0 0 1 0),10
23
(0 0 0 0 0 0),81,(0 1 0 1 0 0 0 0 0 1 0),9
22
(0 0 0 0 0 0),82,(0 1 0 1 0 0 0 0 0 1 0),10
21
(0 0 0 0 0 0),85,(0 1 0 1 0 0 0 0 0 1 0),9
20
(0 0 0 0 0 0),85,(0 1 0 1 0 0 0 0 0 1 0),7
19
(0 0 0 0 0 0),85,(0 1 0 1 0 0 0 0 0 1 0),6
18
(0 0 0 0 0 0),87
17
(0 0 0 0 0 0),88
16
(0 0 0 0 0 0),86
15
(0 0 0 0 0 0),88,(0 1 0 1 0 0 0 0 0 1 0),6
14
(0 0 0 0 0 0),88,(0 1 0 1 0 0 0 0 0 1 0),6
13
(0 0 0 0 0 0),88,(0 1 0 1 0 0 0 0 0 1 0),7
12
(0 1 0 0 0 0 0 0 1 0 0),6,(0 0 0 0 0 0),83,(0 1 0 1 0 0 0 0 0 1 0),6
11
(0 1 0 0 0 0 0 0 1 0 0),6,(0 0 0 0 0 0),81,(0 1 0 1 0 0 0 0 0 1 0),6
10
(0 1 0 0 0 0 0 0 1 0 0),6,(0 0 0 0 0 0),83,(0 1 0 1 0 0 0 0 0 1 0),7
9
(0 1 0 0 0 0 0 0 1 0 0),7,(0 0 0 0 0 0),83,(0 1 0 1 0 0 0 0 0 1 0),7
8
(0 1 0 0 0 0 0 0 1 0 0),7,(0 0 0 0 0 0),82,(0 1 0 1 0 0 0 0 0 1 0),7
7
(0 1 0 0 0 0 0 0 1 0 0),8,(0 0 0 0 0 0),83,(0 1 0 1 0 0 0 0 0 1 0),6
6
(0 1 0 0 0 0 0 0 1 0 0),8,(0 0 0 0 0 0),81
5
(0 1 0 0 0 0 0 0 1 0 0),10,(0 0 0 0 0 0),80
4
(0 1 0 0 0 0 0 0 1 0 0),10,(0 0 0 0 0 0),80,(0 1 0 1 0 0 0 0 0 1 0),6
3
(0 1 0 0 0 0 0 0 1 0 0),11,(0 0 0 0 0 0),77,(0 1 0 1 0 0 0 0 0 1 0),6
2
(0 1 0 0 0 0 0 0 1 0 0),9,(0 0 0 0 0 0),78,(0 1 0 1 0 0 0 0 0 1 0),8
1
(0 1 0 0 0 0 0 0 1 0 0),8,(0 0 0 0 0 0),82,(0 1 0 1 0 0 0 0 0 1 0),6
